NT12857_538 3698 328 396
NT12592_717 3565 468 891
NT12667_470 3729 297 449
NT12628_411 3725 301 449
NT12423_393 3701 338 955
NT12618_181 3620 409 1233
NT12805_528 3679 350 393
NT12572_697 3707 326 1117
NT12084_257 3726 302 724
NT12669_476 3724 302 452
NT12731_547 3723 302 452
NT12531_172 3764 246 1019
NT12825_434 3685 341 423
NT12133_278 3599 443 1137
NT12677_479 3725 301 447
NT12602_727 3583 464 770
NT12019_36 3806 226 1050
NT12651_543 3729 297 449
NT12844_497 3615 412 484
NT12875_404 3628 400 430
NT12215_333 3551 475 1065
NT12382_374 3778 245 700
NT12654_559 3724 302 449
NT12007_60 3520 497 1332
NT12311_350 3579 448 1047
NT12614_739 3604 413 1195
NT12764_544 3722 304 457
NT12839_636 3695 332 454
NT12396_380 3529 507 1006
NT12164_300 3587 440 1305
NT12777_621 3717 309 438
NT12551_676 3692 334 1199
NT12041_224 3770 253 587
NT12744_587 3701 324 459
NT12027_219 3852 169 1007
NT12678_457 3724 302 449
NT12321_356 3775 259 746
NT12800_545 3690 336 442
NT12098_101 3728 309 525
NT12633_501 3727 299 512
NT12619_170 3846 180 349
NT12286_764 3594 438 1130
NT12503_74 3978 36 222
NT12790_441 3707 319 440
NT12510_185 3977 37 224
NT12017_35 3789 225 482
NT12706_618 3725 301 479
NT12109_96 3770 272 525
NT12861_635 3706 320 447
NT12315_352 3763 273 846
NT12165_301 3535 484 1046
NT12631_603 3729 297 449
NT12500_24 3978 36 222
NT12365_368 3692 341 845
NT12775_600 3713 313 418
NT12838_565 3696 330 432
NT12544_669 3792 233 854
NT12168_304 3560 465 1093
NT12661_471 3726 300 448
NT12601_726 3613 409 1043
NT12784_455 3713 313 430
NT12753_639 3720 306 442
NT12464_81 3978 36 221
NT12562_687 3562 468 1041
NT12520_75 3978 36 221
NT12512_159 3977 37 220
NT12314_351 3582 441 939
NT12288_765 3689 335 1224
NT12794_586 3707 320 438
NT12336_136 3747 275 1313
NT12160_115 3559 474 1070
NT12568_693 3777 246 753
NT12878_459 3655 371 502
NT12363_366 3732 300 1298
NT12114_99 3810 229 1295
NT12798_576 3709 317 441
NT12453_78 3568 449 1281
NT12743_568 3708 318 439
NT12714_569 3726 300 448
NT12542_667 3811 218 737
NT12760_425 3724 302 442
NT12565_690 3798 222 904
NT12558_683 3590 436 1263
NT12586_711 3574 453 902
NT12471_125 3978 36 222
NT12068_243 3580 443 1008
NT12546_671 3817 206 697
NT12786_510 3702 324 434
NT12485_197 3978 36 222
NT12527_169 3978 36 223
NT12080_254 3701 355 637
NT12053_55 3672 371 1132
NT12049_53 3774 263 408
NT12051_54 3631 381 479
NT12105_263 3756 282 602
NT12490_73 3978 36 223
NT12063_57 3629 388 467
NT12329_142 3605 429 1388
NT12639_629 3728 298 449
NT12649_598 3729 297 452
NT12378_769 3727 294 1969
NT12454_79 3570 462 1264
NT12579_704 3693 322 1172
NT12491_83 3978 36 223
NT12153_293 3609 413 1106
NT12597_722 3587 431 1412
NT12874_619 3628 400 428
NT12159_750 3548 484 886
NT12450_34 3740 278 835
NT12808_524 3696 330 398
NT12580_705 3830 194 813
NT12858_487 3700 326 433
NT12758_656 3703 323 426
NT12384_770 3728 290 2178
NT12317_353 3727 317 430
NT12224_760 3669 352 1975
NT12102_92 3683 340 1040
NT12653_488 3725 301 449
NT12087_260 3710 307 804
NT12167_303 3585 431 1178
NT12358_362 3742 285 1243
NT12647_584 3729 297 451
NT12622_505 3728 298 482
NT12711_593 3724 302 430
NT12026_41 3784 240 524
NT12570_695 3742 285 991
NT12736_577 3726 300 453
NT12465_119 3978 36 220
NT12716_408 3725 301 447
NT12537_662 3723 290 659
NT12526_160 3978 36 223
NT12607_732 3564 458 1024
NT12506_201 3978 36 223
NT12298_342 3815 196 491
NT12722_418 3725 301 449
NT12690_541 3729 297 449
NT12048_229 3580 452 980
NT12732_469 3729 297 453
NT12018_216 3806 224 1046
NT12107_264 3801 243 389
NT12128_275 3833 191 943
NT12156_295 3603 412 914
NT12772_575 3683 343 458
NT12135_280 3615 403 1249
NT12488_212 3978 36 225
NT12642_566 3729 297 479
NT12591_716 3555 481 1051
NT12504_29 3978 36 223
NT12332_139 3775 252 1075
NT12587_712 3586 442 1166
NT12123_272 3818 213 412
NT12755_428 3712 315 429
NT12199_325 3818 205 997
NT12611_736 3602 417 1127
NT12210_329 3566 458 1048
NT12029_43 3661 371 589
NT12522_118 3978 36 221
NT12762_472 3724 302 444
NT12804_489 3679 350 397
NT12702_608 3724 302 449
NT12637_627 3730 296 478
NT12824_454 3686 340 422
NT12054_232 3674 378 1124
NT12727_626 3726 300 446
NT12820_653 3648 379 490
NT12492_116 3978 36 221
NT12668_458 3724 302 448
NT12037_222 3684 331 479
NT12042_225 3742 308 529
NT12578_703 3693 342 649
NT12515_128 3977 37 224
NT12390_377 3733 292 1034
NT12617_147 3712 318 966
NT12871_550 3700 327 424
NT12696_446 3724 302 450
NT12178_314 3580 446 1184
NT12532_179 3574 461 805
NT12620_481 3728 298 447
NT12809_494 3709 317 423
NT12505_84 3978 36 223
NT12320_355 3781 245 743
NT12588_713 3589 433 1238
NT12458_192 3517 514 892
NT12673_592 3730 296 448
NT12367_370 3600 426 998
NT12781_429 3680 349 418
NT12020_217 3763 257 729
NT12635_617 3729 297 479
NT12309_349 3594 434 917
NT12514_168 3978 36 223
NT12217_334 3552 474 1073
NT12768_622 3692 333 467
NT12359_363 3541 495 1017
NT12132_277 3648 382 1188
NT12795_478 3705 322 415
NT12679_546 3725 301 448
NT12394_379 3694 353 722
NT12154_113 3558 471 954
NT12124_273 3662 371 967
NT12457_191 3524 521 752
NT12709_640 3727 299 447
NT12370_371 3737 302 1026
NT12548_673 3763 254 682
NT12305_346 3580 458 909
NT12392_378 3588 454 926
NT12092_10 3582 436 1105
NT12779_552 3700 327 438
NT12023_38 3773 253 447
NT12012_88 3684 345 539
NT12155_294 3608 430 1157
NT12152_292 3571 448 902
NT12429_397 3730 309 959
NT12646_638 3729 297 451
NT12665_519 3728 298 450
NT12145_111 3509 515 1290
NT12750_571 3725 301 426
NT12771_614 3726 300 449
NT12127_105 3687 355 959
NT12835_415 3700 326 412
NT12689_483 3729 297 448
NT12388_376 3733 296 1040
NT12567_692 3758 268 775
NT12859_534 3700 326 432
NT12561_686 3595 436 1046
NT12657_466 3729 297 447
NT12812_560 3716 310 465
NT12693_527 3724 302 483
NT12670_620 3726 300 448
NT12854_410 3659 366 500
NT12424_394 3589 438 1025
NT12713_596 3724 302 445
NT12361_364 3761 262 1253
NT12120_270 3667 355 762
NT12057_235 3629 416 1144
NT12002_188 3878 136 219
NT12126_104 3599 417 1009
NT12421_391 3738 283 532
NT12364_367 3739 289 966
NT12479_82 3978 36 223
NT12028_42 3833 191 855
NT12811_464 3715 311 435
NT12725_492 3714 312 450
NT12406_384 3548 498 860
NT12847_652 3703 324 413
NT12034_46 3733 300 448
NT12525_131 3978 36 223
NT12171_307 3578 458 1089
NT12340_27 3559 457 1234
NT12110_97 3754 278 574
NT12475_211 3978 36 223
NT12719_556 3723 303 448
NT12435_399 3518 527 751
NT12079_253 3506 520 989
NT12493_121 3978 36 222
NT12846_654 3703 324 418
NT12174_310 3575 461 998
NT12747_507 3724 302 451
NT12675_431 3725 301 448
NT12600_725 3605 399 1078
NT12125_274 3797 227 547
NT12033_45 3580 463 563
NT12739_518 3730 296 446
NT12104_93 3819 219 817
NT12799_473 3711 315 443
NT12319_354 3729 315 631
NT12337_137 3720 299 1068
NT12830_658 3669 357 505
NT12757_442 3701 325 437
NT12638_595 3729 297 456
NT12876_572 3676 353 396
NT12422_392 3583 442 1168
NT12179_315 3552 484 845
NT12676_421 3726 300 442
NT12552_677 3563 463 1103
NT12550_675 3778 228 575
NT12143_286 3616 407 1249
NT12038_49 3724 293 924
NT12158_296 3608 414 955
NT12085_258 3704 330 543
NT12071_246 3840 172 726
NT12469_9 3978 36 222
NT12047_228 3837 173 785
NT12204_755 3605 428 1203
NT12594_719 3582 446 878
NT12218_335 3554 472 1080
NT12822_551 3677 350 503
NT12659_597 3729 297 450
NT12529_200 3978 36 223
NT12335_135 3673 347 914
NT12776_498 3717 309 439
NT12872_413 3677 351 420
NT12136_108 3629 397 1114
NT12585_710 3735 290 792
NT12623_580 3725 301 448
NT12494_184 3975 39 228
NT12478_28 3978 36 223
NT12021_218 3714 311 610
NT12294_341 3603 432 1161
NT12466_182 3976 38 225
NT12782_651 3695 332 492
NT12221_759 3563 455 1175
NT12081_59 3579 451 884
NT12131_107 3758 269 750
NT12480_120 3978 36 223
NT12766_548 3707 319 442
NT12195_148 3516 510 1264
NT12302_344 3576 447 1070
NT12513_754 3959 73 221
NT12584_709 3663 368 736
NT12533_5 3609 397 1510
NT12010_146 3559 461 956
NT12162_298 3587 430 922
NT12474_124 3978 36 224
NT12292_766 3612 414 1237
NT12715_525 3726 300 449
NT12863_612 3692 335 463
NT12056_234 3700 329 1071
NT12780_436 3679 350 420
NT12621_611 3728 298 448
NT12738_424 3729 297 448
NT12451_76 3581 449 1012
NT12787_637 3699 327 427
NT12752_561 3724 302 535
NT12487_68 3976 38 227
NT12655_579 3724 302 449
NT12599_724 3592 437 1295
NT12662_477 3728 298 449
NT12763_452 3724 302 444
NT12412_386 3595 428 1403
NT12553_678 3531 484 1452
NT12832_440 3703 324 400
NT12501_69 3977 37 225
NT12701_540 3725 301 448
NT12589_714 3713 306 865
NT12172_308 3551 481 912
NT12530_26 3978 36 223
NT12202_326 3814 217 1005
NT12347_359 3755 286 584
NT12850_589 3634 394 420
NT12257_761 3732 277 888
NT12418_389 3713 303 917
NT12517_25 3978 36 223
NT12840_506 3667 359 476
NT12088_261 3718 320 932
NT12751_438 3723 303 430
NT12212_331 3563 469 1048
NT12813_461 3717 309 463
NT12069_244 3583 449 1076
NT12086_259 3821 209 874
NT12577_702 3584 441 986
NT12545_670 3697 331 889
NT12496_167 3978 36 225
NT12630_409 3723 303 446
NT12118_269 3716 315 864
NT12489_162 3978 36 221
NT12191_751 3678 349 1132
NT12681_495 3725 301 447
NT12091_12 3761 253 553
NT12819_536 3698 332 431
NT12538_663 3678 345 1086
NT12698_557 3725 301 447
NT12883_417 3699 327 457
NT12187_753 3889 133 219
NT12728_486 3723 303 452
NT12414_388 3714 302 867
NT12557_682 3732 299 767
NT12303_345 3703 331 1279
NT12331_141 3520 507 1037
NT12141_284 3791 253 542
NT12139_282 3738 293 569
NT12608_733 3578 450 1392
NT12192_27 3559 457 1234
NT12197_151 3566 448 1160
NT12004_22 3970 44 227
NT12849_642 3710 316 419
NT12117_268 3804 242 521
NT12467_130 3978 36 226
NT12729_463 3723 303 425
NT12609_734 3581 448 1030
NT12509_122 3976 38 226
NT12077_251 3583 446 1027
NT12604_729 3577 458 892
NT12075_249 3589 433 1010
NT12802_599 3693 334 452
NT12082_255 3580 447 1013
NT12829_406 3680 349 394
NT12499_198 3978 36 222
NT12326_143 3490 550 1103
NT12543_668 3805 209 373
NT12308_348 3700 324 751
NT12040_50 3771 261 1123
NT12137_109 3843 194 1282
NT12625_578 3726 300 446
NT12641_562 3729 297 449
NT12173_309 3550 485 887
NT12025_40 3781 245 1038
NT12671_437 3729 297 452
NT12856_625 3698 328 397
NT12310_767 3600 417 1040
NT12196_324 3648 391 1257
NT12470_165 3976 38 228
NT12113_98 3664 351 746
NT12393_774 3714 320 1089
NT12666_420 3728 298 448
NT12603_728 3580 436 1068
NT12571_696 3701 340 746
NT12827_499 3614 414 417
NT12440_401 3741 289 610
NT12815_504 3702 324 452
NT12148_289 3565 471 908
NT12867_475 3526 500 462
NT12658_480 3729 297 450
NT12163_299 3585 430 915
NT12741_585 3724 302 449
NT12146_287 3538 496 883
NT12101_91 3617 410 490
NT12463_71 3978 36 223
NT12724_555 3725 301 448
NT12616_171 3526 491 1075
NT12169_305 3561 459 1063
NT12060_237 3642 400 979
NT12232_339 3561 466 1010
NT12096_3 3570 444 1073
NT12705_21 3729 297 449
NT12119_102 3791 238 632
NT12783_650 3695 332 492
NT12122_271 3765 262 861
NT12720_467 3707 319 446
NT12789_526 3718 308 463
NT12615_740 3599 425 1028
NT12400_381 3715 331 596
NT12032_221 3699 324 529
NT12044_51 3735 311 828
NT12005_17 3695 339 433
NT12873_432 3710 316 420
NT12806_646 3688 339 509
NT12106_94 3799 216 707
NT12013_22 3970 44 227
NT12473_67 3977 37 222
NT12223_336 3615 400 1303
NT12797_422 3675 351 470
NT12629_529 3725 304 449
NT12742_563 3708 318 441
NT12541_666 3802 219 754
NT12634_605 3729 297 479
NT12708_514 3727 299 449
NT12712_448 3727 299 446
NT12484_126 3978 36 221
NT12144_110 3571 462 1023
NT12879_649 3661 365 510
NT12338_2 3563 456 1057
NT12869_530 3605 422 477
NT12814_623 3705 321 447
NT12495_158 3978 36 223
NT12481_183 3976 38 227
NT12045_52 3721 321 834
NT12213_332 3548 481 1027
NT12540_665 3765 272 918
NT12015_11 3629 417 1071
NT12590_715 3592 425 987
NT12442_402 3708 330 751
NT12112_266 3773 254 852
NT12539_664 3770 253 465
NT12559_684 3546 496 1112
NT12769_503 3694 331 478
NT12574_699 3684 346 826
NT12765_613 3722 304 455
NT12672_416 3725 301 447
NT12833_615 3708 318 401
NT12785_553 3724 302 436
NT12052_231 3559 477 1172
NT12099_89 3752 289 784
NT12022_37 3773 248 453
NT12299_343 3555 469 1105
NT12632_460 3725 301 477
NT12852_632 3678 351 398
NT12003_214 3943 87 246
NT12407_776 3591 432 1125
NT12014_22 3970 44 227
NT12426_777 3789 250 600
NT12460_195 3546 492 1137
NT12100_90 3738 298 805
NT12560_685 3588 439 1002
NT12737_423 3727 299 450
NT12803_468 3643 385 438
NT12353_360 3506 527 942
NT12818_535 3690 337 428
NT12468_156 3977 37 222
NT12555_680 3794 222 673
NT12497_127 3978 36 221
NT12097_202 3588 431 1145
NT12024_39 3773 248 467
NT12220_758 3563 454 1194
NT12327_134 3655 358 776
NT12576_701 3713 305 437
NT12205_756 3604 428 1196
NT12853_531 3677 352 400
NT12726_451 3726 300 423
NT12140_283 3771 257 1272
NT12341_194 3442 587 1242
NT12626_573 3729 297 449
NT12745_645 3698 327 469
NT12718_502 3723 303 448
NT12868_511 3602 424 481
NT12648_610 3726 300 446
NT12880_542 3695 332 384
NT12680_558 3725 301 446
NT12865_657 3630 397 456
NT12432_398 3544 488 987
NT12035_47 3630 382 420
NT12842_570 3656 374 444
NT12723_435 3723 303 450
NT12046_227 3842 169 779
NT12643_443 3728 298 479
NT12134_279 3836 198 742
NT12831_647 3656 370 509
NT12425_395 3576 449 1062
NT12387_771 3732 294 1078
NT12534_659 3706 321 1113
NT12476_161 3978 36 221
NT12554_679 3597 423 1444
NT12011_132 3557 491 796
NT12448_16 3555 469 1131
NT12502_163 3978 36 221
NT12151_112 3561 458 1076
NT12740_482 3726 300 447
NT12645_520 3725 301 447
NT12734_648 3721 305 455
NT12605_730 3571 452 1214
NT12699_582 3725 301 450
NT12682_539 3726 300 447
NT12073_247 3559 458 1247
NT12796_484 3674 352 481
NT12039_223 3734 278 922
NT12070_245 3583 449 856
NT12521_85 3978 36 220
NT12821_609 3635 392 471
NT12157_114 3573 442 1094
NT12008_101 3728 309 525
NT12823_630 3705 322 412
NT12130_106 3698 341 792
NT12016_152 3564 456 901
NT12452_77 3565 452 1303
NT12325_133 3562 465 1094
NT12596_721 3568 473 871
NT12061_238 3611 425 1090
NT12774_515 3724 302 452
NT12687_426 3728 298 449
NT12059_56 3690 339 1045
NT12076_250 3574 449 989
NT12360_768 3819 219 859
NT12111_265 3745 278 568
NT12306_347 3581 451 912
NT12528_129 3978 36 222
NT12064_748 3680 355 1117
NT12624_490 3729 297 449
NT12166_302 3588 429 1102
NT12427_396 3742 301 536
NT12749_414 3708 318 456
NT12595_720 3562 465 929
NT12486_23 3978 36 223
NT12030_220 3843 166 734
NT12170_306 3557 476 1119
NT12569_694 3616 411 1193
NT12333_140 3653 390 1195
NT12186_752 3885 138 316
NT12566_691 3777 262 866
NT12036_48 3681 330 537
NT12549_674 3766 261 709
NT12692_591 3724 302 446
NT12885_594 3702 325 438
NT12855_588 3661 364 526
NT12581_706 3797 226 756
NT12342_27 3559 457 1234
NT12535_660 3723 330 586
NT12650_500 3726 300 477
NT12398_775 3734 287 2047
NT12778_493 3700 327 438
NT12226_337 3563 450 1136
NT12674_491 3725 301 447
NT12175_311 3553 480 1186
NT12556_681 3670 357 893
NT12103_262 3793 230 670
NT12862_634 3693 334 461
NT12065_240 3594 426 812
NT12083_256 3700 356 639
NT12482_157 3978 36 221
NT12518_70 3978 36 223
NT12735_641 3720 306 461
NT12391_773 3733 293 1097
NT12694_523 3728 298 449
NT12773_439 3678 349 453
NT12717_574 3725 301 447
NT12660_453 3726 300 447
NT12055_233 3567 456 984
NT12043_226 3721 325 740
NT12612_737 3548 483 1048
NT12404_383 3747 301 796
NT12498_8 3978 36 220
NT12754_604 3706 321 427
NT12685_537 3728 298 447
NT12472_196 3978 36 221
NT12031_44 3799 225 742
NT12610_735 3571 465 751
NT12334_145 3785 234 1280
NT12413_387 3754 266 621
NT12420_390 3724 296 1145
NT12656_405 3727 299 451
NT12516_199 3978 36 223
NT12507_117 3978 36 221
NT12072_58 3685 347 1177
NT12115_267 3767 263 850
NT12447_15 3706 329 911
NT12851_644 3621 407 443
NT12108_95 3769 258 1037
NT12262_762 3595 418 1080
NT12330_144 3705 318 1040
NT12767_606 3699 330 426
NT12230_338 3688 343 1076
NT12508_66 3977 37 223
NT12547_672 3826 193 618
NT12627_564 3729 297 449
NT12233_340 3562 466 1019
NT12748_601 3721 305 466
NT12826_590 3634 394 418
NT12686_602 3727 299 446
NT12843_567 3604 423 436
NT12089_32 3593 434 1000
NT12524_186 3976 38 226
NT12058_236 3688 352 1041
NT12761_456 3724 302 440
NT12746_445 3726 300 448
NT12573_698 3762 264 811
NT12583_708 3698 326 1078
NT12193_86 3535 486 1173
NT12477_72 3978 36 221
NT12389_772 3733 293 1089
NT12067_242 3701 355 633
NT12834_403 3700 326 412
NT12138_281 3743 291 472
NT12511_155 3978 36 223
NT12759_655 3701 325 461
NT12756_412 3701 325 438
NT12459_193 3694 349 922
NT12810_549 3715 311 437
NT12636_509 3729 297 484
NT12372_372 3763 264 1426
NT12211_330 3565 464 1048
NT12219_757 3564 448 1179
NT12176_312 3561 475 1229
NT12606_731 3607 408 1340
NT12691_633 3725 301 447
NT12483_166 3978 36 228
NT12563_688 3615 410 984
NT12582_707 3723 288 996
NT12066_241 3709 309 1215
NT12733_496 3729 297 453
NT12663_532 3727 299 446
NT12684_430 3724 302 449
NT12523_123 3977 37 222
NT12721_449 3725 301 452
NT12870_628 3702 325 422
NT12703_554 3724 302 449
NT12177_313 3568 451 1320
NT12730_517 3718 307 429
NT12062_239 3731 288 1099
NT12343_357 3939 101 249
NT12845_581 3632 395 482
NT12074_248 3697 337 729
NT12536_661 3699 327 1006
NT12707_624 3726 300 448
NT12519_164 3978 36 222
NT12710_447 3724 302 447
NT12564_689 3682 356 1029
NT12362_365 3599 426 1300
NT12700_462 3725 301 455
NT12090_204 3766 265 843
NT12355_361 3565 474 715
NT12285_763 3596 436 1130
NT12161_297 3630 391 1119
NT12328_138 3491 538 1038
NT12346_358 3742 301 573
NT12688_607 3726 300 449
NT12116_100 3792 254 503
NT12664_631 3727 299 484
NT12575_700 3726 303 1062
NT12640_616 3729 297 448
NT12593_718 3658 362 963
NT12598_723 3570 458 1221
NT12807_643 3691 336 500
NT12848_521 3677 351 422
NT12801_533 3713 313 432
NT12791_444 3707 319 441
